   640   798  3641  7919  1500  2912  7474  7657  7839  1599  3550  2282   742   791  1440  8146  2808  1132  4431  3102   546  1878   144  4807
  2701    21  6441  1630  4191  7461  4159  1266  6745  3247  4771  3260  3289  7901  7904  1215  3630  6205  8167    57  4840  1528  7426  2620
   847  3165  1567  4614   553  3714  7767  2521   834  2282  1629  1239  7365  2973  5789  1481  3709  7120  1356  1308  4002  4680  1958  2461
  7283  7124  5678  2222  4524  3558  3702  7266    93  7063  1137  3996  6716  6767  2615  1812  2201  4882  4260  3841  5822  1928  5518  3570
  4364  7063  6861  4046  7872  3213  6149  7938  5946    76  3130  1044   763  6681  4764   703  1499  3572   509  6170   629  1684  3076  4408
  5725  3218   786  2552  1719   658  6183  7037  1466  8088  3941  7525  7507  6693  8189  1324    64  4673  7592  6416  7189  5445  2370  3398
  5687  7726  2712  2205  7636   806  2898  2573  6632  5498  6406   153  1763  2930  7238  7861  3123  5423  6822  5597  1676   570  6399  2174
  1831  1475   577  2727  1416  6429  5598  3111  2367  4572  6878  4236   298  2729  3425  6396  3740  3427  5567  5014  7116  8129  3247  1886
  1055  8153  4151  5957  2034  5981  4956  3415  6267  5675  6493  7069  3741  8133  7838  5014  3317  3571  4437  6797  1869  1548  1171   960
  2215  5111  6197  1710   603  2228  4246   865  3796  4961  2004  6934  3411  7294  4595  4608  5695  7412  2020  2895  4710   648  5899  2040
  6585  5205  7347  2033  8124  3672  3830  5726  1188  8024   258  7243   413   626  7906  7499  5308  5331  4659  5614   417   508  7005   780
  7395  4819  1594  4727  3499  4306   551  3182  6426  7220  4287  1706  7404  7216  5013  2824  4386  3191  8088  1743  1894  8002  6738  6076
  3771  8070  5904  6393  1927  2450  1742  5814  3792  7233  7484     6  3341  6028  1499  5752  4561  6185  4091  4389  1717  4622  3542  4638
   633  3984  3636  8048  2106  6167  4643  2461   175  7448  2662   971  2653  5845  6483  3512  7289  5516  2957  5059  4403  1440  5225   448
  6696   570   509  5805    92  1079  7448   172   141  4061  1782  2617  5650  4246  2456  8053  4396  5170  1883  1248  3589  2812  7350  2922
  7279  4912  1293  6394  4934  2014  2940  4263   781  8185  6181  3942  5672  4802  3511  7613  5464  6140  5778  4245  5473  6234  7670  7874
   573  7202  7005    39  3025  3546  6326  4581   280  3478  2805   123  2496  5842  2524   395  7578  2517  1993  6368  6232  5907  6870   444
  6191   736  7464  6756  3235  7851  5548  4334  1593  7456   516  2290  1206   156  1688  2191  4118  5790  7801  7082  3924  3222  7638  4125
   154  5880  4339  5071  2349   269   794  3911  3236  6973  3096  3770  8052  6371  1744  7859  5999  7030  1972  7296  3315  5021  6405  7618
  4763  8060  3067  7061  2951  5235   859  5409  6417  3890   898  3935  7527  3213  4173  2650  7903  5767  1692  3833  1266  3558  1150  3995
  1720  5181  2435  1093  2514  1316  1465  1582  2699  8179  4498  5600  7523  7709  4327  1235  4108  1533  1299  4806  3766  6173   150  2219
   564  1477  4662  3685  2519  7579  6296  6663  5429  2117  6658  4111   459  2085  1499  1001  1873  8129  1888  5918  3357  6114  2189   452
   231  2688  6597  4201    85  3459  5918  5435  7738  5778  1445  6980  6035  2318  6347  6979     4  2675  3844  2583  4305   576  4576  1665
  4558  3776  4790  3307   644  7489  4619   602  3996  4914   728  6118    71  3482  5344  3095   768  2328  1742  2276   393  2499   279  6838