266481272 245033619 274973491 327507991 304073070 320221358 284471553 285735914 229942829 259580635 250338090 316560519 299476656 281870365 231490951 290631692 263711510 273524312 208136068 242799183 237608309
292837013 283979091 331477281 296235832 333741844 326775961 314210420 201458336 234859124 212441396 277360090 331798640 248879622 281463503 284767998 217339980 240226899 261590769 220551429 256124815 231131907
283620500 278709845 192982304 312471494 303544648 258180227 356068345 258234145 228189767 307267003 331846558 348344669 328324325 241104231 268280373 186477169 274518417 315896971 302825123 278739546 253203584
334746545 344983637 251196687 288152549 327454529 273117082 359344331 310655590 258048730 296834965 288707029 298583980 306348134 293607279 275891384 257155000 299802612 318548339 289537219 258826067 254617883
236632006 257340355 201880377 288466242 315639207 317643756 324327588 322624833 319804419 268496296 307553058 311527824 260085496 289815371 294462468 267257309 320419143 346518235 324489676 345912934 254063766
272978730 254559712 216525144 293490047 259405428 281999748 347881445 382377696 340498360 364994049 319290188 369187742 365602360 339257239 372745925 324221071 322428035 359680806 341754690 281631387 225994155
262165374 261725577 253583555 216986156 264502095 272483802 285044517 302260703 337655317 295519054 331440046 303399474 344972039 344250662 369619774 358584613 326052101 316501769 290946704 295075701 228652858
305370242 270550967 298920181 269407063 270826873 296242233 307477698 310395631 344970139 290255001 324762152 328303127 339007465 355621075 365017878 341521025 346169340 302842889 271539218 262020183 173144026
295078995 333032710 240227014 274955240 227334704 271229784 322287283 274871440 397725654 288279005 374669844 385173281 361079314 376970775 372870727 332499732 339804842 242875712 246813526 290260538 191450050
329188420 332712274 280735764 250532879 224920617 230813712 332911699 279980872 350588589 298964625 294520508 296700981 310582020 387798676 354692512 357108405 308484431 305237734 243515787 255825499 254338375
339801204 313731031 338460672 256904063 295187351 227053864 335419834 316922496 256474560 327936654 222196564 322752850 342933402 323772452 365863100 362060257 340097681 285666389 257827823 297034713 272853694
363190803 239628969 258764383 233665085 212956202 223395966 312111906 238574120 245616794 315491497 277462341 257827914 348192398 352105422 339663286 346301120 306984356 233967400 279981512 278305636 264141437
342896756 260292512 290110638 287696714 222144994 207182363 272199102 269279041 255548564 310073673 309743561 256955223 359301172 366614271 360401645 370732955 329014135 301088258 274452277 334549816 276971287
279218662 232610550 256151338 286606973 220605535 215388796 280257031 195980436 180927114 273501553 257954501 259881309 308408411 333340974 370480848 284573909 328326676 299583586 267400187 381408390 319071228
332994892 254366322 267124240 341713213 246050059 210458385 328278606 207495098 213610927 284617735 209284958 196469961 272269229 287717294 283414409 348818273 346008815 348945318 335463192 392581098 346055760
312661539 324966850 252955729 264375526 269362265 204344087 302058022 243166450 236048939 293840229 264026336 243829710 301998972 319853184 295924353 386626405 366198035 360718257 371615498 422099323 360077697
294544687 341581469 333559912 266088971 283326874 242819048 312433396 240466132 240940613 242734304 233757867 221917388 253305553 292517022 322546117 289341216 420479183 310693501 300913319 337089034 284036109
348296879 241839299 286771486 208136013 210184955 213288288 305713676 267459249 291152457 360585604 285992364 333783902 307654896 296096159 310812989 279102935 350936328 249906433 316430232 304189635 298717072
265053297 252051148 258764098 226756452 262903992 271438621 320222051 301551350 312459193 343753646 326482974 290325350 274540581 300358667 258538513 280683210 319175225 272290623 273588453 268926123 268785364
249276579 254945803 253097287 240617219 254086090 329573769 323933376 329423340 358191744 350848413 307486453 321661509 305725868 260955168 271380119 199677087 270211982 231461898 266889322 210335599 213057731
209977246 231342343 269392824 243913945 275889687 328450741 319719304 281762762 320006399 316843152 268685332 290055065 235346347 223139369 251629991 162565540 237854848 206666110 223260964 209200225 180451090
