  7818  1327   529  1219  5248  5045  4083   742  7288  3766   162  1603  7622  2137  5651  4862  6695  6806  6004    84  4487  2081  4896  2553  7483  8006   329  3154  2180   821  7424  5000  6074  7266  3861  6190  6696  7039  3854  3794  5197  1258  6593  4047  2738    45  1459  2737  7070  5602  6956  4021  2277   492  2534   355  2832   580  6558  3097  2912  5444  7253  2304
  1004  5959  4935  7843  1958  1558  5266  3033  1150  5014  1254  2720  3741  2632  1028  2706   594  6214  5423  7088   369  5797    13  4106  7734  8056  7644  5429  5903  3700  1110  6558  3290   667  5847  1939  6240  2360  6359  4815  3668  6651  6944  7195  4534  6240  7667    18  1023  5907  7845  4433  3964  1645  7900  6757  1889  2422  3475   591  6411  1584  4502  4596
  5073  3128  1251  1452   869  5456  1359  3263  2813  1332   168  2641  7413  1143  4043  5247  1830  6250  7181  4315  2195  7171  6227  4704  5503   738   759  6698  4469  4307  7999  2321  6636  3900   677  7285  4146  4161  5920  6263  5218  2928   449  6928  3566  2465  5781  2933   677   500  4212  6841  1215  5640  2619  1847  2251  3732  1530  6607  4496  6275  6869  3553
   684  5071  5291  5530  2750  7125  4998  6043  3981  4393   850  1617  5918  7902  1585  1287  4887  1716   558  6160  1704  5748  6728  6588  6606  8078   236  1489   535  2622  8066  6000  8074  5773  1435  6087  5877  5089  5649   138  3101  1478  4518  7632  1058  2153  7986  5743  3719  7021  1399  8107  2320  4249  5426  6723  7231    70  5263  2840  4158  5654  5728  5669
  5162   767  7730  5766  2781  2659  2828  3823  2588   762  2153  8123  1708  4200  4814   518  2364   911  3533  5689  2745  4507  7143  3083  7524  7957   822  7357  7587  5275   361  2476  3852  3228   335  1114  5802  4072  6549  1638  1291  5488   506  5016  4350  7616  6730  3747  7002  1823  8179  5040   423  1140  3173  1683  1811  7076  6197  3523  5429  3301  6082   549
  6453  2705  3775  8000  5115  8071  6198  4219  1477  1763  2154   577  7064  4956  6168  1002  4969  1654  3666  1886  4977  7306  1355  5398  1600  2115  2802  4564  7104  7444  4449   591  2256  8153  3551  6936  6080  1003  2008  1554  4931  1729  7388   265  2155  3743  6995  4810   918  5456  6397  2134  7035  1699   415  6892  1971  3176  6937  8026  6762  2155  3765  4721
  2299  5607  7988  5897   378  6318  4392  2824   236  2856  1502    51  6774   438  5314  7398  3257  3760  1359  5258  8066  4056  4568  2124  1047   459   988   583  1205  2818  1997  3942  4979  5442  7114   509  5182  7170  7036  4275    20  1385  2248  6344  7173   669  2377  1306  7668   603  7154   351  1058  3717  5773  3711  3114  5843  7291  3430  6876  7209  4291  1084
  2860  2687  4670  4460  1012   428  5249  5114  4851  3115  2770   223   544  7641  3837  5608  3965  7756  5633  6158  6278  6999   486  6627  3737  2748  5817  6107  6101  6728  4301  2488  5302  3403  5035  2890  4789  5882  2340  6937  1722  2749  8077  6258  3680  2634   608  1430  5032  5482  4463  6185  6119  5228  5914  7801  4085  2094  3772  7419  1626  2218  7257  3194
  6174  6907  3729  7229  3642  4863  2311  2794  5681  3004  2190  5059  1356   280  1280  5739  6342  6676  4128  6346  2713  3152  3087  3167  4682   474   784  3191  1089  2023  1521  6400  2248  1973  1038  6235   858  7646   684  4769  3186  1768  6169  1001  1906   517  3356   521  4512  1249  6534  6245  6421  5257  1038  3372  4683  7000  6400  5071  7911  4599  7650  5553
  8074  5999  4399  7963  5762  7029  2404  1164  1171  5926  5806  6744   109  1383  4600  2833   327  5782  2665   658  1744  3214  3973  1857  4533  2665  4356  8188  1996   844  2935  3209  3341  1252  2257  7067  2090  1641   467   751  4832  4324  1194  6476  5777  2335  2865  5159  3516  5320   134  1004  6329  4876  7463  5136  5677  4854  6966  4835   552  3328  5821  7986
  6608  3385    40  2239  1133  2798  6737  5421  2530   782  4015  1603  6100  2689  3521   897  1523  5175  5172   408  1855  6032  3640  8127  7351   932  4327  7385  3676  3531  1648  7441  4564  1149  8073  1925  3690   424  3040  6484  3308  7456  4399  5487  4481  3985  2494  5914  7910  4296  5185    86  1804  1017  5861  2639  7836  3548  7569  1931    70  3749  1664  1999
  2116  1605  7597   568  4579  5542  2049  7175  1601  1567  2793  1948   126  1711  7238  7907  2826   870  1694  6935  7468  2632  3457  5736  3307  4402  2182   168  5109  5731  1425  5089  4234  7746  4986  6805  3427  1481  7815  4011  3687  1126  7556  2523  3406   487  1724  7671  1322  2725  2278  2697  2459  8112  2722  6320  6314  1188  1169  4586  4035  2465  1280  2461
  6222  5106  2722    96  2985  2219  6059  7761  7513  6170  6840  3120  3313  5404  6542  5060  4890  1010  7638  3018  8106  8018  6932  1912  6063  5666   903  1514  1940  7294  7008  5955  5953  2251  7686  3107  5961  3900  7598  4384  4794  1082  2019  3281  3693  6968  8084  3684  2252  4025  6501  4379   247  7535  3540  8001  1686  2182    22  8142  7891  1780  2277  7107
  7934  2182  8040  1998   418  2740  3755  4861  5790  1743  3499  6990  2429   143  2400  5053  6238  4342  8088   214  4571  7955   584  2103  7747  4121  4586  3786  6036  1839  1117  3377  7703   490  7440  6385  1626  1117  4915  1482   404  6189  1546  1414   200  4449  3914  2272  7942  7755  7813  7612  5715  4692  1660  1695  5577   110  7348   288  2357  3647  5956   736
  4472  5436  1450  2405  1981  6656  7043   547  1811  2344  2668  6428  5992   568  4415  2488  1933  5815  6567  6424  4458  4120  6120  5442  8137  4155  5614    86   239  7472  5336   593  3600  4300   971  6776  2958   378  2917  7358  6734  7201  1645  2404  3575  7735  7199  4061  2918    32   184  7701  1183  7354  6581  3412  6671   545  1301  7224  7563   302  7042  6330
  3437  7252  1058  8129  6658  6613   397  3465  6216  3388  2548  4698  6810  7838  5056  3651  4033  1886   436  5313  6493  4511  6175  6589   850  3229   738  3426   394  3557  6156  6656  1968  6258  4534  5463  6310  4024  2686  3765  4141  6101  5066  2077  1666  4315   849  7271  3819  1255   221  5074  5294  4221  7736   125  1427  4067  1539  8019  5094  5480  2981  2711
  7547  1280  5888   710  2622  3032  6315  7159    58  4981  6024  4601  3821  7462  2551  2994  4526  5768  7309  6816  7824  6999  6104  2261   233   759  1084  1265  6464  6148  6808  6315  7665  8157  3364  8071  5988  2992  2839  3632  6742   462  7527  6230  8095  1640  1090  7305  4462  7795   174  5103  7626  7663  3495  1489  3232  7677  5899  7164  1576  4798  6285   276
  1820  4487    45  7472  5394  4661  1609  7858  3187  7296  2093  7691   609  1259  2507  5440  2657  3504  6931  6586  2793  7560   930  1719  4945  3414  5027  5582   776  6125  6861  6385  5403    39  2324  5687   138  7369  7737  4816  2681  4890  4820  8012  6489  2723  7967  4256  5257  3754  6601   297  5561  4536  4960  1095  6391  1127  2206  5718  2007  4859  5192  7004
  3370  4719  1967  3309  7469  2245  5015   551  4252  2682   217  4281  4250  5276  2228  3239    35  3027  2460  3682   726  7012  1062  1348   598  4464  6696  7529  6609  1552  3776  1057  2512  6888  4330  1033  7306  2566  1049  6090  6137  4633  7269  1264  4874  3956  3553  4293   468  8124  8170  6465  2834  4222  8140  4644  7972  5732  6457  2970  1331   559  2639  5360
  1099  6885  5330  2937  1232  1046  2958  3861  4239  2560  2584  6500  2939  3844  2706  7093  7216  2347  1144  2232  4882  2743    58  1209  5016   970  2858  3476  6516  2683  3803  7077   906  3528   235  6490  1346  5162  4851  8167  2911  6250   928  1421  2282  4102  7418   910  6983  7454  7824  4277  7023   552  4899  4616  3774  5059  5944  7275  1786   223  6495  6392
   127  7797   797  3918  6565  6456  6494  1471  3915   621   968  3814  1785  6492  3753  2272  1957  2209   128  2662  3755   108  4105  3220  4082  1074  8189  8152  3713  4702  6116  4115  7335   122  5533  6904  3579  5972  1061  3334  4258  7360  2476  7736  3185  6186   361  1549   722  7556   235  4559  2765  5843  8124  2506  6915  1685  1788  3145  5269  4382  6837  5597
  7516  2176   712  5012   298   263  6422  5823  6919  1966  1330  4883  2012  8185  2466  3149  7946  5428  4013  4893  6593   939   543  5423  6681  6234   198   146  4169  5222   654  3202  5826  3640   479  7065  5606  7055  7362  6808  3709  3478  6896  4026  4227   575  4800  5244  1372  2750  1811  7719   152  3324  2638  1997  6654  2562  4629  5372  6237  4594  2354  4319
  7899  1276  3335  7532  6931  8138  1861  5645  8092  7140  7000   431  5255  2018  2666  7459  4471  2118  7447  3469  1520  1700  5841  4036  7798  4132  7663  2409  5810  4489  4715  1498  2436  3750  4335  4595  4160  2006  7876   666  3820  6327   937  6644   677  6296  5602  2174  1754  5654  8065  3570  5828  3546  4201  7966  7238  6306  1579  3603  8039  5047  2324   911
  4700  6817  3381  4372  2502  3844  2450  7178  5780  4179  6722   523  3009  3416  2730  5530  6195  1648  2996  5834  3595  3854  6587  7922  6973   482  4052  2353  5660  5342  1097  7380  7500  2946  6360  4612   766  4768  3958   719  4105  6088  5607  2563  2422  7761  7006  1000  3063  2799  3218  7018  5518  7607  1715  7260  4593  3337  4028  4319  4366  5958  6459   100
  1860  1723  1907  5318  1173  6482  3285  7801  6262  7291  7338  1591   447  7181  5835  1208  4048   392  1512  3288  4582  4459   498     6  4521  7447  6780  4943  7406  6185  5836  6220  6992  6411  1193  6300  7445  1128  1930  2498   105  4259  1026     6  1206  4913  5959  4215  1913  1577  7102  1329  5813  3019  5683  4701  6961  3016  5651  6636  2041   624  7048  5528
  7085  4045  3814  1283  6045  8076  2476  5032  6148  6319  3993  1308  4098  4506  1237  5047   329  7442  2013  8177  2390  4349  1855  7713  2220   293  6845  1176  6219  6596  5041  3024  5551  5373  7486  7754  7288  4034   798  7382  7332  7140  1165  3389  6605  6738  4401  1722  4365  1792  5534  5418  8162  5204   634  7358  4301  1357  8175  2675  3395   576  2349  3539
  4043   814  2511  2517  7885  6712  2163  4922  2189  4962  6631  2075  1729  4087  7017  7509   867  3474  2196  3164  2225  7078  4639  6941  3800   758  3002  4467  7343  1263  2465   997  3859  3241  5098  3390  4664  2143  1803  4313  7717  7373  1097  6204   571  7386  5178  5043  4099  7070  6818  2808  1738  2433  1670  7891  4452  1812  7286  2335  5111  6762   991  2571
  3083  2113  3988  4539  7013  3180  6282  6112  6833  2803  2194  5940  5013  4532  2384  4360  4888    60  1804  4409   155  1249    78  3566  2832  2125  5582   462  4167  6619  1321  4813  2220  5172  5786  3944  5737  7700  4576   216   740  3547   633   362  7084  1417  4726  1791  2191   913  3508  1972  6964  1954  4373  6927  4698   399   875  4080  5142  4455  3202  7314
   463   299  7814   741   994  7683  1358  6653  1640  2432  7862  5158  6483  4914  6879  5309  8024  3990  2561  1722  5035  2617  3692  3525  6880  2396  2214  2127  1220  3538  6685  5461  1922  1992  7527   976  7196   442  6645  4022  7193  2203  4676  5241  5021  3123  3713   399  1124   534  1445  3163  5870  6697  1026  4448  6688  7306  4865  4667  5953  1914  5332  5616
  8115  6028  7952  2028  6600  2946  7915  4162   431  1750  5722  6379   467   601  6587  1624  3726  5439  7920  2171  5391  4223  2969   929  7333  2980  6204  5416  1209  5976  5487  5682  5761  1386  2121  4219  6482  2083  1097  1629  1473  5261  7296  3674  3674  1427  1951  8167  6791  1706  7403  3138  3186  7323   586  5273  4232  5623   107  5688  7816  1255  7480  5578
  5294  7968  6950  7583  7105   626  1885  7451  6223  4197   870  6420  2836    10  7997  6502   198    90  1608  1769   743  7084  2613  1699  4899  3283  3100  6105  1637    72  3387  1339  4209  5957  3589  2961   142  6925  7454  1596  4725  3148   206  5883  1243  7418  3527  6058  2090  4870  7140  1859  4264  4325   724   276  1719  6517  2929   924  5090  1614  1355  3865
  6749  7614   849  5033  4332  1305  1145  6856  4497  6472  2488   914  4924  3501  5558  3150   798  1127  4657  4680  6085   251  1891  3061   858  7262  6904   347   143  5686  4629  4662  4199  1230   244  1041   390  7697  1091  5896  1978    55  6494  7226  2390  5479  3509  1888  2485  5372  3070  1502  2566  7897  4497  1330  5395  3323   420   832  3987  1590  5105  7385
   502  1468  8172  3283  6950  4552  5052  5695  1921  5095  1796  3983  4065  1416  4977  3200  3162  2664  1583  6515  2796  3558  4349  4660   224  2479  3263   452  4100  6931  7895  3571  3822  7281  5815  6335    53  4045  6046  3062  6962  2294  7338  7252  6376  2716  6435  1453  3170  1616  4295  5986   446  4534  7633   346  1213  1107   372  1733  4215  6188  5583  5502
  3593   957  5641  6404  4646  6414  4551   309  3088  2892  1372  7797  7189  1871   237  2452  6046  2319  3401   405  4902   706  3153  5821  4663  3006  5322  6665   443    48  2680  4052  2563  2158  4226  4432  6345   840  5857  6578  1690  4974  6536  1313  1643  2004  7069  7012  7898  3477  3489   158  1816  4984  4843  1868  1645  5870  6346  3544  4522  2017  7831  4743
  6276  2884  3190  7888  2257   657  1381  4834  2897  3731  7551   267    32  2595  6973  7426  2946  5557  7825  7962  2395  3414  3395  7066  1063    88   935  6400  6719  2751  7320  3938  3432  7171  2970  4199   590  5469  2664   110  6461  1131  4299   248  1477  4810  4700  7893  5117  2644  4839  5911  5965  4384  5373  6990  1941  7223  4743  3136  5894  8007  5315  4942
  1905  1122  5058   406  1078  2305  3266  7492   526  6488  4314  8177  5951  4530  3828  5017  1340  4988  6326  3677   804  5705  3610  5239  6746   474   329  5511  1553  2699   306   937  5187  5172  3399   853  8032  1763  4488  4912   968  5067  6758  7419  1073  5413  5286  1296  7855   748  2184  3921  4091  5355  1451  4708   292  2832  7869  5627  6852  5980  1096  6051
  7816  3127   133  6454  1069  4513  1577  1135  5360  7007  6956  5023  4465  2967   847  1732   765  1709   229  7205  3428  1456  4926  4410  4858  4690  4352  4999  3112  7894  5631  1225  2969  1576  6439  5795  6767  7511   603  7980  3393  2777  7592   923  7814  1782  2659  4188  6503  3109  3448  3044   292  5809  5054  7566  3210  3154  7857  4557  4500  2813  4579   923
  1817  1186  1194  2026  7447   265  2794  6328  2837  3558    65  3918  1070  2660  6544  7686  7440  6750  4430  2927  6566  4140  5418  7603  4513  4863   790   653  1450  4465  3099  5738  2569  3539  4101  6704  2457  6167  7512  1802  5590   829   651  2495  6195  7475  2505   291  7361  7060  1301  6965  8095  3538  6853  6925  3927  5212  2033  5398  6011  7855   337  2942
  8192  5453  4227   984  3316  7094  1327  2896  7739  3895  5946  2365  5799  2297  5578  1974  7304  2047  5278  2595  2226  6469  6682   399  6902  4342  6705  5271  3868  2139  7883  2310  6213  7142  8119  7781  7676  6246  6795  3515  4503  5231  2455  2476   852  3211  2804    50  1482  7365   446   203  4535   794  2682   749  5629  5198  5447  1529  6909  7737  1598  4298
  4592  6270  4963  3421  8046  2440  2954  4990    46  1352   126  7298  4792  7739  2699  2639  4208  5022  1928  2997  3312  6327  8109  2144  3900  5376   517  1405  6018   893  3160  7171  4560  3984  5892  4863  3138  6906  5559  3072  4502  1657   467  7816  7164  4176  1696  1525  2416  2074  2818  6498  3508  3406  2268  2773  2128  4542  1583  5005  7425  3873   238  7649
   841   681  6731  1619  3513  4011  4372  7767  7263  1142  3204  7808  2772  2787  3663  6506  3435  2285  3208  4245  5736  6116  1273    24  5833  6578  1524  2908  4133  4730   527  6662  4532  4011  2955  1382  7740   471  3564   116  5755  1576  5719  3814  2542  3466  4089  4989  4398   959  6160  7726  7384  3699  3713  4875  4824  5095  3787  8070  2210  3447  4769   227
  3066  3315  1785  2609  5912  6332  6530  3677  6197   103  7949  6091  5910  4614  7490  7002  5688  1990  3473   577  2058  2475  4893  4537  3895  1336  5831  7390   406  4294  3828  7887   736   664   238  3417  7732  5653  3913   641   226  1818  3744  1503  6340  3215  6287  2089  7498  2018  6066  8057  6193   606  6760   427  7060  1884  6971  4808   606  7913  5279  5364
  6560  1288  3632  4080  3544    69   349  2311  4797  1740  3534  7629  1323  7896  8033  6326  6625  4000  1292   636  5900  2033  2654  2761   721  7261  4006  4199  7769  4435  5791  3650  5966  7633  3078  4139  3970   388   710  3483   260  7612  7888  1571  6320   253  2623  2740   439  6583  1881  4810  1708  2430  2310  2206  7390  1141  5284  5876  2259   654  2718  1561
  5314  6295  5086  5170  1890  7841  4129  6922  4928  4147  4276  6620  2973  5298  7989  6587  6819   800  2367    47  1607  2946  4860   125  3445  2709  2060  6069    45  4935  5990   882  2417  1228  4303   894  6538  2152  6025  4262  6344  8077  1682  3689   156  4198  8067  7773  7882  2713  7756  1256   983  7037  5510  4960  5625  5981  6756  8164  2333   727  6654  1484
   929  2303  7866  2949  5019  5782  4819  2830  4297  1695  4739  3615   424  2205  6010  6664  5257   735  6056  7428  7383  6095  3452   206  6860  7469    62  4026  6276  3989  1531   533  6990  7764  2187  4310  4582  7556   699  5380  6463   668  2551  4370  1654   853  8023  3009  6080  6199  1891  6436   948  5797  3182  5178  8182  8078  1989  3901  4369  5566  7443  2110
  1443  7489   322  5399  6081  4327  1102  2267  3659  1813  3755  3471  4226   644  4729  6143  2877  1649    27  6758  5733  4007  7804  2999  5160  6784  4271  7330  6792   483  4696  5681   532  2767  2430  7099   536  4755  3972  1969  6822  2032  2548  3107  7431  2585  2493  5431  5374  7997  2511  5782  2402  3504   350  7941  1892  5416  5684  2322  7235  2446  7863  2056
  5561  7131   525  2030  3346  4971  7213  6668  4018    22  6095  4434   916  3803  2745  5532  4498   577  3870  3240  5401  5801  4911  3996  4198  1873  1662  4404  2640  1805  7871  7718  4049  3797  1477  5147   826  5142   541  7575  1806  3119  1673  6747  6095  5512  5168  3879  3110  6343  7128  1552   814  6255  7008  6248  1464  3235   597  1767  1998  7487  2847  6330
  4154  5049  8141  5378   355  4816   969  6351  7612  5805  3239  2527   744  8152  3278  7627  6428  7026  3804  4962  3922  4329  2025  6813  5334   899  4068  6928  6392  6621  2293  4215  8058  6701  8192  4627  6981  3883  7694  6449  4572  3067   841  1326  4776  2191  4030  6567  6631  8070  5367  8138  2902  4733  4791   467  5700  7525  1869  7522  1459  4637  3313  6755
  1657  3614  7405  4607  3739  5371  7955  4606   964   966  6991   972  4834  1852  6588  4002  3038  1894  7942  6508  7912  6033  4436  6657  6466  6506  4705  3560  6454  3580  5623  7261  5239  7157  1235  7921  3361  2114  5601  1936    70   444  2680  6879  3487  4978  7976   618  7836  5336  5981   424  4849  4883  4263  4395  6544  3370  8087  1301  4122  5628  4645  7611
  4956  2149  7155  5805  3287  2325  7176    74  3939  7560  2317   561  2518  7984  6026  1964  2455  4109  6182   586  7922  4482  7811  6406  5904  3909  3491  4168    59  3707  6581  7572  3696  4972  6284  1516  3796  2793  8036  2181  7067  5659  5601  2892  3541   921  3906  4439  6048  6189  5965  6717  1630  4482  4141  3055  5555  6326  4536  3225  1889  1879  3999  4617
   679  4381  1819  2077  1201  3631  7609  1614  1544  2455  2980   643  7715  1544  3642  6453  2067  6340  5246   757  3800  4881  4782   168  7361  7624  7873  3872  2134  5041  6867  1404   662  6031  6086  5440  4177  5962   571  6634  1258  5373  5079   646  2920  7496  4416  7802  6111   836  6075  6737  2966  2725  3638  5908  2197  1678  5628  5202   668  1327   734  1562
  1936  8132  3074  5560  1892  2320   101  4114  5394  7768  5453  7292  1641  5982  8138  4434  5410  2454  7898  5905  4571  3522  4122  5382  2360  7344  4679  5696  6157   153  2525  2524  3545  2029  1925  7382  6672  6688   631  5080  5210  1572  6926  2908  3061  5684  5749  6232  2913  4423  6755  6526  5213  6908  6337  2754  6909  2503  4128  1806  2742  1383  3270  2792
  2006  8163   930   477  5188  8164  8114  2666  1758  6315  1044  6607  1385  5344  7802  4409  7743  6904  6504  6187  3025  5356  3330  2396  4682  7717  1231  3476  1129  3229  3970  2888  4492  5614  7660  2311   936  5258  3166  1853  5813  6540  4801   690  4057  5454  7963   689   919  1940  4164  5280  6997  6120   617  1873  3677  4300  4666  1596  4546  5412  3436  1650
   383  3938  3538  6627  3412  3206  6408   338   635  4282  3969  5505  3537  6579  1816  5829  5431  6686  3702  6981  1934  5163  7547  1652  2880  2202  7186  2121  2917  7246  7846  7126  4420  6344  6879  6540   733  1632  6406  4939  4713  1818  3512  4516  5929  8082  4245   614  4837  2433  2110  3615  6423   247  6138  2413  4248   930  3596  1291  5536  2118  5520   379
  6233  6973  3430  8098  6443  6927  7442  2678  1108  2443   745  7818  3075   747  4856  1272   876  7327  2008  6717  4333  5001  2612  2292  2260  2833  1846  2017  7001  2378  4528  4419   126  3720  2354   718  5611   674  4900   637  6547  3467  6841  4399  7230  6537  1630  6512  7387  2013  8160  1742  1602  4779  4227  6468   772  8114  3968  7155  2960  3014  6035  5240
  6401  4817  4792  5313  3234  6328  5340  7917  1261   217  6983  2162  3451  1087  3180  1172  7531  5427   581  6909  3720  3452  7709  6244   107  7231  1084   940  3112  4882  5183  4805  4280  3065  2835   650  7703  3234  4904  5085   851  2553  2175  4769   975  6775  7243  3168  2696  3957  4761  8154   213    64  3548  7005   922  6197  3635  4548  4429   147  5333   915
  3676  3458  2454   217  5166   540  6924  3199  2948  2120   932  6648  6677   710  3691  3160  6064  6831  5449  2504  6946  3593  7581  3448  7317  7874  4523  4006  6301  7782  3605  7198  6142  6248   252  6681  5164  7413  3105  3530  6548  1400   474   194  3426  6844  3568  2750  3020  7867  2523  5592  6019  3074  4267  3433  5115  1504  7241  7815  6276  5498  7726  6325
  2724  7278  3750  1035  6402  7026  2341  6208  2195  6504  7025  5172  1767  2036   998  5158  5856  7464  6329  1567  4642  1543  7787  1503  7564  6920   726  3244  6535  4610  5911  6018  3433  6457  6873  4524  7681  4179  5040  4679  1412  2174  6549  7311  5195  3648  8180  8015  4956  7307  5664  1712  7424  7568  6698  7677   610  8112  7090  2800  4229  7560  7472  4369
  2477  6768  4149  4043  1686  2059  6914  3367   137  8092  2526  3580  3095  1956  7964  2210   212  7819  3175  4998  6981  2279  4173  3454  5561  6288  5228  5913  5112  2749  7302   608   912  3668  3745  6280   404   258  7603  8009  6274  6190  3182  7420  3355  2905  8103  4340  5595  1937  7358  2118   668  1932   244  4712  1795  6027  4035  1737   528   336  8079  4942
  6680  1767  5935  6973  1127  7063  3844  7872  7408  2735  1023  4720   674   679  1440  4033  6348  7449  2556  3177  6565  8149  1648  5782  3547  4928  8088  6453  6359  7115  2804  6279  7568  6944  5523   572  1251  5462  2172  7841  1822  3798  3701  2859  7121  2716  6323  4867  3049  2584  5399  2009  1495  1880  4009  7745  3007  5359  7678   788  1916  3267  7408  4739
  1839  7897  5757  4953  7291  5425  1343  1807  7921  3648  7038  3057  2481  7605   668  1417  5793  5730  4478  2614   653  2338  6412  6271  6146  3081  5003   289   558  7731   866  2438  2449  7555  6288   219  3509  4630  2891  5887  1120  2253  5056  6565  2468  3070   816  3373  4253  3488  8160   125  6590  5283  1871  4700  4635  5988  4041  6997  3647  6133  6910  6262
  7229  2347  4495  4739  2355  7828  6185   789  5626  1524   212  6663  7501  5755  7227  4373  4620  5997  6424  3230  7363  2986  7157  6022  7136   734  6005  5012  6629  7489  3329  4007  4771  4696  3449   849  4194  2759  3694  7765  3563  6084  3310  1930   596  3129   851  6295  6914   663  2493  1837  5258   700  1193  4652  1213  4083  3256  4603  4565  1937  2944  5868
  4945   860   868  2082  4215   123  3523  2921  8029   841  4362  3516  3160  2847  1012  1146  7181  5374  2833  7593  2432  2580  8172  2110   444  3445  8173  5147  1392  2108  2897  7789  2455  5268  7274  2278  4861  5085  1937  6320  3811  3334  8143  4938  2303  2703  8061  6263  1467  6480  2552  4519  4512  7844  2520  7077  5432   193  6194  7122  6255   783  6045   146
  2921  3214  5642  6424  2551  6251   941  4471  3018  6737  5707    26  1838  6934  3456  1843  8025   762  1958  3354  6635  4453  7745  7120  7409  1501  4945  5421  2231  3057  4862  7627  2169  3351  7469    87  7600  5163  4919  2676  2237  2894   637  7874  4232  5377  7367  1503  1113  3075  5543  5359  7975   109  1372   400  4024   535  3819  4291  6070  3927  2910  5938