  1783  6800  3072  6980  3547  4158  6852  6776  4936  2785  6182  6446  5818   944  5704  7276
  7514  2299  4893  6889  2341  7079  1588  6687  1022  4434  7387  5281  7540  8127  7435  1105
   323  2468  6571  7887  6663  6756  3494   551  7772   840  7272  6428  3788  4020  7429  5618
  6334   998  5373  6926  4453  6174  7698  5053  7551  1039  4836  5228   628  7457  2226  5607
  3170  2675  4613  4064  6126  8171  6874  2323   240  6002    30  4534  7809  2456   732  1060
  4108  6601  3924  3354   884  1065  5748  1650  7321  4188  6560  2818  4423   870   306   666
  1620    19  5379  1790  5874  6671  7683  1070  6109   959  4690  7648  7306  3235  4321  7623
  7408   189  5225  3045  2856  4039  4646  8041  1475  2403  1141  2921  5236  5195  6596  7042
  4661  4951  3312  1154  6242  3232   784  3206  7580  3108  5838  2459  7331  5309  2895  5031
  7428  7062  2180  5413  1909  4058  7096  7305  1412  4740  1475  3649  5194  2369  3737  5848
  5862  4025  6951  5826  4409  5978  2795  3474  8172  2580  6056  1586  3159   591  4802  1299
  1544  3150  2840  3254  2907  4642  4331  4924  5718  5582  1463  5353  5951  4339  5464  5273
   928  3964  4404   625  4012  5748  1817  4317  6362  2539  2830  3659  1878  2472  4967  5626
  5203  6963  7488  1276  4267  3118  1839  4624  7266  4670  4159  7571   971  8103  6829  2164
  1758  4105  7739  5441  1104  6441  2240  3562  1784  4668  5577   590  6080  1924  1384  2227
  8038  2352  6259  2125  2067  5917  7780  1267  6640  1197  4014  2302  7419  6218  3760  5512